0 !LEOCAD GROUP BEGIN speeder_bike
0 !LEOCAD GROUP BEGIN seat
1 0 50 0 -130 1 0 0 0 1 0 0 0 1 422.dat
1 8 50 -8 -140 -1 0 0 0 1 0 0 0 -1 3839b.dat
1 6 50 -8 -120 1 0 0 0 1 0 0 0 1 3023.dat
1 8 50 -16 -140 0 0 1 0 1 0 -1 0 0 3021.dat
1 6 40 -40 -160 0 0 1 0 1 0 -1 0 0 4070.dat
1 6 60 -40 -160 0 0 -1 0 1 0 1 0 0 4070.dat
1 7 28 -28 -160 0 1 0 0 0 -1 -1 0 0 6141.dat
1 7 72 -28 -160 0 -1 0 0 0 -1 1 0 0 6141.dat
1 0 60 -24 -130 0 0 -1 0 1 0 1 0 0 63868.dat
1 0 40 -24 -130 0 0 -1 0 1 0 1 0 0 63868.dat
1 6 50 -48 -160 -1 0 0 0 1 0 0 0 -1 3794b.dat
1 0 50 0 -130 1 0 0 0 1 0 0 0 1 422.dat
0 !LEOCAD GROUP END
0 !LEOCAD GROUP BEGIN guidon
1 0 50 -41.8564 -71.0718 1 0 0 0 0.5 -0.866025 0 0.866025 0.5 422.dat
1 8 50 -37.1962 -83.0001 -1 0 0 0 0.5 0.866025 0 0.866025 -0.5 3839b.dat
1 7 40 -54.5167 -73 -1 0 0 0 0.5 0.866025 0 0.866025 -0.5 60897.dat
1 7 60 -54.5167 -73 -1 0 0 0 0.5 0.866025 0 0.866025 -0.5 60897.dat
1 7 60 -58.5167 -79.9282 -1 0 0 0 0.5 0.866025 0 0.866025 -0.5 60897.dat
1 7 40 -58.5167 -79.9282 -1 0 0 0 0.5 0.866025 0 0.866025 -0.5 60897.dat
1 7 50 -41.1961 -89.9282 1 0 0 0 0.5 -0.866025 0 0.866025 0.5 48336.dat
1 6 50 -53.8564 -91.8564 1 0 0 0 0.5 -0.866025 0 0.866025 0.5 87580.dat
1 6 50 -57.8564 -98.7846 0 0 1 0.866025 0.5 0 -0.5 0.866025 0 92280.dat
0 !LEOCAD GROUP END
0 !LEOCAD GROUP BEGIN fourche
1 6 40 -21.409 19.493 1 0 0 0 0.5 -0.866026 0 0.866026 0.5 4095.dat
1 6 60 -21.409 19.493 1 0 0 0 0.5 -0.866026 0 0.866026 0.5 4095.dat
1 0 40 -78.1719 -74.7463 0 0 1 0.866025 0.5 0 -0.5 0.866025 0 41677.dat
0 !LEOCAD GROUP END
1 6 50.2243 -48 -160.6602 -1 0 0 0 1 0 0 0 -1 2524.dat
0 !LEOCAD GROUP BEGIN fourche
1 6 40 -25.2942 11.9019 0 0 1 -0.866025 -0.5 0 0.5 -0.866025 0 30259.dat
1 6 60 -25.2942 11.9019 0 0 -1 0.866025 -0.5 0 -0.5 -0.866025 0 30259.dat
0 !LEOCAD GROUP END
1 6 20 -53 -110 0 1 0 0 0 1 1 0 0 87994.dat
0 !LEOCAD GROUP END
0 !LEOCAD GROUP BEGIN Minifig #1
1 15 0 -96 0 1 0 0 0 1 0 0 0 1 30369.dat
1 0 0 -96 0 1 0 0 0 1 0 0 0 1 3626bp01.dat
1 15 0 -72 0 1 0 0 0 1 0 0 0 1 973pse.dat
1 0 0 -40 0 1 0 0 0 1 0 0 0 1 3815.dat
1 15 15.5 -64 0 0.985435 0.170055 0 -0.170055 0.985435 0 0 0 1 3819.dat
1 15 -15.5 -64 0 0.985435 -0.170055 0 0.170055 0.985435 0 0 0 1 3818.dat
1 0 23.6582 -46.127 -10 0.985435 0.120247 -0.120247 -0.170055 0.696808 -0.696808 0 0.707107 0.707107 3820.dat
1 0 -23.6582 -46.127 -10 0.985435 -0.120247 0.120247 0.170055 0.696808 -0.696808 0 0.707107 0.707107 3820.dat
1 15 0 -28 0 1 0 0 0 1 0 0 0 1 3817psk.dat
1 15 0 -28 0 1 0 0 0 1 0 0 0 1 3816psk.dat
0 !LEOCAD GROUP END
